-183.949
104.382
145.594
-126.827
108.106
-188.99
14.885
131.891
-46.446
-86.275
-122.938
-171.72
-111.397
51.79
-67.382
-80.011
192.995
160.794
165.765
143.434
155.779
6.002
-111.596
-82.953
112.691
93.151
-37.29
-188.589
-146.439
5.712
-29.633
146.448
-160.893
-123.446
176.449
-102.128
46.573
-63.452
158.032
-44.167
53.685
-82.884
23.826
-171.471
72.132
184.043
-13.925
-3.118
62.595
-109.293
-12.769
-61.063
-58.6
99.373
-41.891
45.527
-139.149
-197.969
-45.893
-52.379
-131.25
-105.719
108.387
145.144
-102.751
104.153
-2.684
-49.249
40.858
165.492
110.46
107.683
123.45
-77.849
3.281
-179.716
176.214
55.262
183.264
-50.979
101.268
146.59
-60.566
132.013
118.662
-186.42
153.569
-121.918
-66.718
-166.656
-55.065
-168.147
68.529
-53.086
150.978
185.542
-23.389
-14.288
81.26
81.322
-100.387
78.105
175.885
6.745
-154.273
35.697
84.619
111.248
34.752
49.843
-156.489
47.548
-62.887
-58.309
176.024
-71.755
-198.103
189.396
97.986
-80.485
-2.749
30.137
-19.108
-65.879
-100.359
42.04
-178.151
-76.78

